200 100 100
43 13
23 72
90 11
56 31
88 94
68 65
26 37
39 17
74 75
70 25
98 12
8 37
69 55
43 45
1 8
84 24
49 23
31 28
70 8
62 95
93 34
73 21
77 2
61 97
60 33
98 70
72 79
54 51
88 3
79 26
3 84
64 81
9 58
100 63
82 49
45 91
56 28
69 36
89 54
28 21
22 34
1 96
10 8
78 17
32 55
75 32
93 84
78 72
78 81
51 88
41 68
99 13
22 7
7 54
17 96
31 64
67 13
28 30
71 85
24 3
12 95
60 31
73 25
64 21
20 62
19 56
60 68
41 65
77 16
52 44
91 15
15 55
55 75
5 78
71 38
88 47
70 60
75 30
16 2
75 47
89 77
38 38
16 16
63 95
3 88
56 74
49 17
26 8
52 77
1 17
93 74
88 86
67 65
17 11
67 18
63 29
24 8
44 29
6 65
38 72
1 35
54 75
35 94
81 64
82 42
50 80
84 54
24 21
77 35
65 40
81 59
69 39
76 41
86 65
99 85
88 42
4 77
33 34
66 52
54 35
46 12
30 82
86 39
45 80
48 18
36 66
34 5
96 63
54 24
43 6
77 64
80 62
35 99
36 39
22 96
99 88
78 74
46 24
41 80
53 15
75 19
61 72
94 65
63 67
89 25
53 16
67 41
7 81
59 35
92 71
87 77
35 52
14 95
61 69
18 10
86 61
74 76
45 14
41 47
100 100
30 85
5 64
25 84
95 28
66 78
29 53
24 60
86 3
16 93
13 97
81 72
3 27
42 34
12 24
55 62
27 70
60 58
82 78
34 50
38 2
68 13
83 65
31 68
8 77
39 63
43 96
90 19
16 25
18 78
69 15
24 30
58 16
43 41
26 96
20 11
94 13
36 14
45 55
59 50
6 89
