300000 1000
26 79.770
32 341.596
98 410.391
48 355.764
12 716.514
73 565.663
62 86.971
20 392.985
80 557.130
11 892.572
33 899.120
95 138.158
25 374.919
10 912.215
60 223.976
78 381.758
32 351.913
11 698.854
98 796.550
93 992.227
22 287.261
38 110.921
57 970.522
47 780.682
30 140.015
70 156.082
71 647.172
45 709.657
70 569.007
12 299.380
24 320.835
36 287.660
59 487.631
95 106.585
12 836.154
65 790.078
66 910.191
76 395.572
78 622.192
99 325.748
84 371.693
30 148.638
31 335.769
52 73.365
29 234.212
22 231.668
94 109.085
26 192.430
89 248.176
29 137.126
13 892.316
73 226.282
19 688.955
7 214.923
17 461.348
51 308.245
67 931.912
32 344.384
32 790.039
75 61.889
28 93.601
22 843.272
43 265.589
24 306.570
42 345.303
7 385.063
71 76.258
5 126.292
63 196.053
27 492.495
17 767.733
14 288.867
80 242.922
14 524.195
6 426.318
15 521.418
92 15.498
80 33.498
53 257.378
4 908.933
97 490.455
99 100.388
39 717.125
78 365.777
22 4.793
67 456.169
30 214.156
69 31.755
77 885.960
36 888.600
63 460.197
43 494.853
74 171.618
65 753.436
42 555.244
80 613.669
3 752.581
60 234.025
80 678.004
46 97.439
54 389.466
87 937.636
38 339.039
65 542.578
1 382.020
30 162.225
40 332.692
89 498.560
64 795.629
31 594.382
94 934.251
25 393.735
85 189.188
55 529.349
49 870.190
21 288.076
34 839.692
78 675.008
47 837.479
43 720.119
63 10.283
79 387.798
40 374.297
47 770.953
72 954.198
46 671.235
84 417.893
92 870.641
5 555.158
27 748.428
13 465.995
7 347.894
45 336.738
16 130.120
3 525.938
63 663.030
38 996.520
30 179.266
71 636.462
82 434.588
38 108.377
49 191.107
89 63.036
4 980.088
80 596.296
94 684.813
54 173.355
7 424.992
94 917.999
43 609.187
14 569.657
31 129.836
19 850.719
71 876.494
4 814.248
68 941.400
54 681.505
56 890.041
7 839.373
93 621.858
12 138.166
94 442.524
40 395.956
24 758.306
35 68.103
5 263.029
42 304.234
92 259.657
72 544.562
30 108.851
63 967.768
46 143.810
51 457.530
82 739.989
10 206.136
70 971.756
91 396.554
1 300.328
82 682.615
6 269.641
12 158.998
71 214.775
85 154.598
49 484.064
73 204.341
42 562.227
82 952.461
50 630.855
72 387.399
4 882.842
85 319.246
98 535.380
65 521.360
19 827.428
73 818.554
72 808.730
88 166.831
91 983.817
92 325.347
89 787.288
58 246.877
75 226.183
42 965.031
13 693.324
29 410.261
68 742.673
16 904.701
2 475.711
21 984.652
23 213.394
66 41.030
31 861.954
95 526.933
86 738.646
16 874.082
24 34.814
94 150.860
75 90.306
30 391.164
52 298.457
58 248.397
10 585.659
55 518.821
60 881.051
40 604.921
61 406.338
11 789.593
93 757.424
40 410.764
73 920.888
56 655.657
41 842.991
41 127.710
95 165.132
74 988.222
31 352.233
10 121.292
93 69.713
61 238.357
20 463.125
31 96.458
48 368.998
17 979.092
81 234.744
15 241.728
79 425.958
5 836.208
44 38.946
82 84.902
62 672.175
40 377.234
96 736.946
64 385.406
25 173.311
88 947.093
22 535.939
36 237.004
20 614.216
9 134.398
97 451.896
6 193.060
100 228.140
92 840.008
5 667.579
40 87.553
48 815.764
58 485.873
36 22.387
44 312.565
30 213.252
7 282.781
65 177.795
36 737.114
44 293.417
11 3.670
90 292.902
44 34.580
95 147.651
86 251.278
26 113.368
4 525.632
39 582.485
69 640.330
13 539.824
14 321.397
26 680.234
62 993.076
64 306.521
41 472.926
48 427.371
66 210.916
97 395.871
8 940.994
24 6.043
54 449.507
44 322.630
56 70.889
93 263.844
23 356.757
11 434.326
29 967.699
62 339.227
74 567.274
40 364.451
37 895.606
51 638.103
20 533.464
41 882.041
66 50.467
86 201.343
52 845.279
85 278.140
49 876.446
87 248.738
28 651.145
10 765.244
12 409.800
65 864.536
95 965.333
59 871.431
77 239.435
29 672.670
3 951.424
53 569.249
37 573.442
12 181.720
87 273.136
90 733.285
28 195.387
6 141.280
75 855.894
54 562.855
15 600.322
38 579.683
84 543.334
34 971.210
49 966.762
30 666.779
49 815.797
78 202.196
9 392.907
79 77.688
75 401.342
10 228.433
72 282.811
12 108.792
66 67.882
21 311.420
90 694.179
21 910.678
72 462.915
23 837.738
45 132.503
36 649.831
70 474.485
1 791.585
69 135.376
78 564.696
3 514.465
20 152.149
57 646.986
35 864.827
68 920.582
59 972.522
52 686.534
13 493.745
83 604.318
90 67.260
69 238.500
67 68.867
53 388.105
56 109.212
5 836.087
63 932.633
31 8.217
48 595.989
26 561.836
56 807.540
81 564.626
80 805.180
60 868.152
87 348.575
92 417.860
70 401.246
99 94.333
75 124.104
22 565.328
45 826.675
52 30.313
83 868.637
25 320.612
97 807.720
39 895.323
88 305.987
58 164.764
15 581.498
63 657.475
77 781.905
73 855.670
44 464.870
69 400.894
32 554.169
40 351.521
64 743.724
70 663.947
54 25.846
99 697.114
95 707.299
66 234.572
66 456.154
47 614.588
32 286.200
26 750.324
59 134.919
49 363.066
22 57.560
43 778.226
100 841.742
87 261.067
81 355.548
30 99.144
46 259.829
11 582.171
1 305.180
25 844.922
2 632.562
35 733.697
39 608.419
83 96.510
56 222.221
15 733.473
89 180.154
52 398.212
44 960.002
38 897.504
95 217.345
8 503.291
71 184.180
9 266.110
52 935.767
89 664.993
58 596.973
67 205.468
70 140.098
80 802.860
16 525.499
25 971.755
11 959.938
88 957.193
34 418.285
70 754.941
85 814.856
59 663.032
65 699.052
31 512.683
53 596.515
15 297.203
19 408.877
97 394.731
89 303.458
58 147.202
2 927.891
52 625.821
20 621.870
74 719.956
39 997.770
88 504.402
39 597.278
91 702.787
31 58.406
99 716.569
74 70.245
74 531.572
88 153.898
30 904.470
40 147.745
54 106.235
15 339.806
37 160.305
84 830.210
75 889.911
17 533.369
46 978.607
81 933.898
11 217.159
61 265.596
94 343.968
77 236.075
42 69.369
17 472.136
39 640.037
34 992.227
39 728.218
89 442.262
75 634.373
38 261.628
28 735.488
57 863.740
69 395.988
77 123.656
7 733.000
17 967.808
85 494.287
38 317.713
22 433.436
5 769.662
62 356.840
47 438.831
96 844.877
43 357.812
41 115.601
21 496.066
24 705.000
74 398.669
83 637.831
76 152.415
54 233.248
93 665.635
15 105.398
76 608.390
10 717.761
15 770.734
89 463.620
58 972.449
37 421.548
39 291.330
31 231.564
70 68.177
38 792.988
6 870.565
42 468.401
53 564.139
92 129.420
75 302.471
49 495.196
55 477.520
64 840.643
79 4.842
14 790.163
75 179.656
55 213.462
70 234.329
81 904.887
83 962.232
9 351.287
83 37.718
74 365.809
28 920.586
25 910.168
62 292.372
96 221.097
82 339.666
70 172.030
81 686.644
64 957.403
57 493.169
34 813.348
48 214.444
97 591.416
48 748.290
75 48.277
75 472.889
69 874.774
71 930.938
78 867.069
38 35.181
65 674.084
13 684.876
21 866.966
100 45.877
91 250.917
79 146.481
93 269.026
94 672.778
44 305.719
25 561.902
73 569.938
50 679.544
81 171.464
15 965.039
38 755.609
68 819.140
19 332.725
63 379.722
51 594.893
55 198.822
19 494.703
26 649.022
89 282.876
89 314.854
33 388.523
61 804.361
84 930.791
99 861.628
60 409.318
95 74.569
57 120.206
89 650.736
7 462.043
97 824.098
28 965.992
11 146.346
50 428.761
33 175.438
11 246.029
71 297.354
72 499.709
68 199.058
94 696.914
93 938.735
34 439.632
10 887.308
82 526.136
90 274.557
33 785.021
72 268.289
76 949.946
82 783.096
14 142.611
43 65.749
14 346.697
90 423.111
6 732.930
100 925.268
72 745.782
85 726.522
98 295.277
73 489.509
45 952.147
82 944.156
53 67.820
46 483.566
10 58.606
92 281.828
12 474.964
76 72.714
86 748.364
18 603.253
19 837.492
90 391.454
100 186.774
18 259.551
9 951.974
94 467.515
45 713.962
73 957.301
94 384.807
89 347.373
37 143.945
60 748.894
70 927.819
87 313.473
89 900.504
15 831.832
82 814.610
94 548.342
68 632.541
43 535.894
84 222.920
4 132.690
35 19.305
54 326.355
3 175.789
85 424.132
15 518.428
3 109.816
24 593.705
7 107.593
36 183.889
83 43.776
29 464.082
66 680.080
56 442.032
36 171.515
96 15.181
73 524.288
88 695.738
45 287.456
38 45.093
1 749.185
96 966.189
51 299.227
10 227.004
1 601.871
98 737.684
3 215.919
59 855.469
86 931.250
91 566.809
20 546.558
4 340.227
78 22.491
49 982.626
65 304.563
7 466.096
53 177.080
14 49.646
20 27.193
39 459.197
60 977.064
91 167.154
34 781.654
96 893.074
6 721.642
74 475.805
67 229.592
9 769.449
84 548.368
37 702.892
21 331.472
20 731.373
52 28.145
98 335.682
94 760.924
22 119.297
2 451.994
9 350.497
19 408.719
66 638.896
92 253.646
34 772.486
45 545.572
84 476.856
65 311.036
56 181.612
2 202.767
99 887.211
42 295.943
99 738.735
64 636.293
48 391.755
85 793.691
97 209.530
26 710.315
82 715.607
38 148.986
93 151.544
56 732.842
27 14.839
15 2.438
85 464.516
14 661.307
77 184.353
51 710.992
82 947.750
97 377.229
14 738.783
71 194.095
5 219.475
14 875.996
11 153.551
97 929.364
56 386.527
16 974.684
60 931.445
87 226.874
13 24.969
81 890.092
48 14.000
49 26.627
51 230.403
89 44.350
55 936.743
91 647.405
67 612.461
36 700.555
13 795.350
66 393.555
53 575.118
49 22.125
79 357.882
58 967.487
57 187.743
12 813.220
65 592.350
57 501.132
62 178.707
68 546.538
43 131.321
46 94.810
40 318.430
46 207.730
13 731.397
5 242.042
58 821.033
15 774.092
66 341.606
62 938.609
22 376.311
60 37.853
14 970.020
73 57.641
46 397.720
25 260.889
100 812.286
46 89.043
70 560.848
11 858.851
78 100.476
91 37.120
35 784.859
12 688.172
8 59.743
60 585.966
23 290.191
62 189.991
68 94.424
38 407.920
38 990.414
39 947.446
72 607.636
48 94.582
21 4.206
88 194.366
42 267.264
98 754.747
91 892.111
9 675.766
72 216.606
99 354.028
36 217.785
33 528.246
1 371.819
75 527.574
91 114.800
99 61.618
59 64.275
62 872.080
73 670.357
64 834.430
96 105.715
77 84.095
75 827.602
80 360.356
30 867.385
95 23.072
44 31.034
41 969.969
25 336.099
91 223.000
27 360.826
67 218.159
69 246.490
9 474.095
21 125.000
43 147.075
16 483.307
22 496.211
20 989.214
13 601.159
69 887.217
78 724.368
100 428.988
61 280.123
4 923.913
54 293.484
3 263.472
71 602.789
17 50.258
55 633.889
3 12.930
47 726.744
74 122.168
14 479.643
60 872.232
17 248.937
85 710.165
89 358.361
65 250.650
16 911.125
30 466.435
83 792.120
48 596.004
19 820.279
34 34.594
25 888.058
30 52.463
57 855.342
91 631.409
77 883.189
9 284.322
66 628.883
54 692.780
51 834.592
52 144.978
67 165.697
20 335.426
14 711.849
5 118.299
77 938.422
1 55.440
45 565.249
30 64.634
96 353.534
11 666.911
57 992.304
55 46.385
7 982.599
10 105.854
44 252.892
68 773.845
37 25.479
61 739.668
19 907.460
62 449.712
70 732.427
4 802.013
68 705.939
25 952.615
43 788.393
29 177.304
62 22.607
49 88.711
49 828.654
62 972.842
90 430.289
74 545.408
64 663.162
65 463.938
56 961.543
26 360.118
50 35.808
44 7.281
24 238.197
72 232.401
2 184.994
84 121.284
23 754.250
95 793.840
34 681.817
19 416.384
18 595.470
91 804.135
86 413.348
71 245.090
26 10.032
33 651.601
2 634.998
38 739.785
81 580.349
78 431.964
76 161.066
69 913.162
57 284.644
88 18.920
19 233.211
61 154.664
23 739.399
80 466.811
20 77.125
55 212.868
99 630.012
57 671.061
100 941.656
1 133.727
8 947.496
99 614.483
86 884.707
49 72.274
30 495.349
65 731.482
27 678.053
98 522.656
37 310.706
12 526.874
95 414.015
59 162.144
96 383.128
12 29.860
14 207.118
93 544.034
14 83.788
29 656.770
85 168.813
82 843.964
95 899.960
91 283.138
49 903.264
75 147.889
94 300.444
20 877.406
83 959.939
89 343.958
56 806.066
19 640.019
61 774.978
4 974.697
16 995.727
82 38.140
79 864.090
89 332.767
62 500.972
92 861.946
72 205.757
15 233.489
19 447.364
33 236.699
33 205.004
7 368.412
22 392.528
